0     0.0
1     2.9492032822442042
2     2.653478047866162
3     2.653478047866162
4     2.653478047866162
5     2.653478047866162
6     2.653478047866162
7     2.653478047866162
8     2.653478047866162
9     2.653478047866162
10     2.653478047866162
11     2.653478047866162
12     2.653478047866162
13     2.653478047866162
14     2.653478047866162
15     2.653478047866162
16     2.653478047866162
17     2.653478047866162
18     2.9492032822442042
19     2.9492032822442042
20     2.9492032822442042
21     2.9492032822442042
22     2.9492032822442042
23     2.9492032822442042
24     2.9492032822442042
25     6.7380922042624265
26     6.7380922042624265
27     6.7380922042624265
28     6.7380922042624265
29     6.7380922042624265
30     6.7380922042624265
31     6.7380922042624265
32     6.7380922042624265
33     6.7380922042624265
34     6.7380922042624265
35     6.7380922042624265
36     6.7380922042624265
37     6.7380922042624265
38     6.7380922042624265
39     6.7380922042624265
40     6.7380922042624265
41     6.7380922042624265
42     6.7380922042624265
43     6.7380922042624265
44     6.7380922042624265
45     6.7380922042624265
46     6.7380922042624265
47     6.7380922042624265
48     6.7380922042624265
49     6.7380922042624265
50     6.7380922042624265
51     6.7380922042624265
52     6.7380922042624265
53     10.684244550049804
54     10.684244550049804
55     14.66082796629835
56     14.66082796629835
57     14.66082796629835
58     14.66082796629835
59     14.66082796629835
60     18.646167255358183
61     18.646167255358183
62     18.646167255358183
63     18.646167255358183
64     18.646167255358183
65     18.646167255358183
66     18.646167255358183
67     18.646167255358183
68     18.646167255358183
69     22.63889890032299
70     26.63448016243792
71     30.629573948799038
72     30.629573948799038
73     26.63448016243792
74     30.629573948799038
75     30.629573948799038
76     30.629573948799038
77     30.629573948799038
78     30.629573948799038
79     30.629573948799038
80     30.629573948799038
81     30.629573948799038
82     30.629573948799038
83     30.629573948799038
84     30.629573948799038
85     34.62802312349537
86     38.627254246162906
87     42.624824075456466
88     42.624824075456466
89     42.624824075456466
90     42.624824075456466
91     38.625031356040424
92     38.625031356040424
93     42.624824075456466
94     42.624824075456466
95     42.624824075456466
96     42.624824075456466
97     42.624824075456466
98     42.624824075456466
99     46.62503413051964
100     46.62503413051964
101     50.623339079817235
102     50.623339079817235
103     46.6228107725126
104     46.6228107725126
105     46.6228107725126
106     46.6228107725126
107     46.6228107725126
108     46.6228107725126
109     46.6228107725126
110     46.6228107725126
111     46.6228107725126
112     46.6228107725126
113     46.6228107725126
114     46.6228107725126
115     46.6228107725126
116     46.6228107725126
117     46.6228107725126
118     50.623339079817235
119     50.623339079817235
120     50.623339079817235
121     50.623339079817235
122     50.623339079817235
123     50.623339079817235
124     50.623339079817235
125     50.623339079817235
126     50.623339079817235
127     50.623339079817235
128     50.623339079817235
129     54.62411587248608
130     58.62286654387469
131     62.62400060786363
132     66.62304176601356
133     66.62304176601356
134     66.62304176601356
135     66.62304176601356
136     66.62304176601356
137     66.62304176601356
138     66.62304176601356
139     66.62304176601356
140     66.62304176601356
141     66.62304176601356
142     70.62441546321553
143     74.62588039605137
144     78.62519861349988
145     78.62519861349988
146     78.62519861349988
147     78.62519861349988
148     78.62519861349988
149     78.62519861349988
150     78.62519861349988
151     78.62519861349988
152     78.62519861349988
153     74.62365641400378
154     74.62365641400378
155     74.62365641400378
156     78.62519861349988
157     78.62519861349988
158     78.62519861349988
159     78.62519861349988
160     78.62519861349988
161     78.62519861349988
162     78.62519861349988
163     78.62519861349988
164     78.62519861349988
165     78.62519861349988
166     78.62519861349988
167     78.62519861349988
168     78.62519861349988
169     78.62519861349988
170     78.62519861349988
171     78.62519861349988
172     78.62519861349988
173     78.62519861349988
174     78.62519861349988
175     78.62519861349988
176     78.62519861349988
177     78.62519861349988
178     78.62519861349988
179     78.62519861349988
180     78.62519861349988
181     78.62519861349988
182     78.62519861349988
183     78.62519861349988
184     78.62519861349988
185     78.62519861349988
186     78.62519861349988
187     78.62519861349988
188     78.62519861349988
189     78.62519861349988
190     78.62519861349988
191     78.62519861349988
192     78.62519861349988
193     78.62519861349988
194     78.62519861349988
195     78.62519861349988
196     78.62519861349988
197     78.62519861349988
198     78.62519861349988
199     78.62519861349988
200     78.62519861349988
201     78.62519861349988
202     78.62519861349988
203     78.62519861349988
204     82.62680689358217
205     82.62680689358217
206     82.62680689358217
207     82.62680689358217
208     82.62680689358217
209     82.62680689358217
210     82.62680689358217
211     82.62680689358217
212     82.62680689358217
213     82.62680689358217
214     82.62680689358217
215     82.62680689358217
216     82.62680689358217
217     82.62680689358217
218     82.62680689358217
219     82.62680689358217
220     82.62680689358217
221     82.62680689358217
222     82.62680689358217
223     82.62680689358217
224     82.62680689358217
225     82.62680689358217
226     82.62680689358217
227     82.62680689358217
228     82.62680689358217
229     82.62680689358217
230     82.62680689358217
231     82.62680689358217
232     86.62847209691702
233     90.63018668337469
234     94.62972025503544
235     94.62972025503544
236     94.62972025503544
237     94.62972025503544
238     94.62972025503544
239     94.62972025503544
240     94.62972025503544
241     94.62972025503544
242     94.62972025503544
243     94.62972025503544
244     94.62972025503544
245     94.62972025503544
246     94.62972025503544
247     94.62972025503544
248     98.63151581018819
249     102.63334480803276
250     106.63297929754997
251     106.63297929754997
252     106.63297929754997
253     106.63297929754997
254     106.63297929754997
255     106.63297929754997
256     110.63486441620917
257     110.63486441620917
258     106.63297929754997
259     106.63297929754997
260     106.63297929754997
261     106.63297929754997
262     110.63486441620915
263     114.63677322270655
264     118.63647909646375
265     118.63647909646375
266     118.63647909646375
267     118.63647909646375
268     118.63647909646375
269     118.63647909646375
270     118.63647909646375
271     118.63647909646375
272     118.63647909646375
273     118.63647909646375
274     118.63647909646375
275     118.63647909646375
276     118.63647909646375
277     122.63842839004043
278     126.64039507026371
279     130.64015328813784
280     130.64015328813784
281     130.64015328813784
282     130.64015328813784
283     130.64015328813784
284     130.64015328813784
285     130.64015328813784
286     126.63817082745086
287     126.63817082745086
288     130.64015328813784
289     134.63992587172586
290     138.64193584345787
291     138.64193584345787
292     138.64193584345787
293     138.64193584345787
294     138.64193584345787
295     138.64193584345787
296     138.64193584345787
297     138.64193584345787
298     138.64193584345787
299     138.64193584345787
300     138.64193584345787
301     138.64193584345787
302     138.64193584345787
303     138.64193584345787
304     138.64193584345787
305     138.64193584345787
306     138.64193584345787
307     138.64193584345787
308     138.64193584345787
309     138.64193584345787
310     138.64193584345787
311     138.64193584345787
312     138.64193584345787
313     138.64193584345787
314     138.64193584345787
315     138.64193584345787
316     138.64193584345787
317     138.64193584345787
318     138.64193584345787
319     138.64193584345787
320     138.64193584345787
321     138.64193584345787
322     138.64193584345787
323     138.64193584345787
324     138.64193584345787
325     138.64193584345787
326     138.64193584345787
327     138.64193584345787
328     134.64215013053558
329     138.64193584345787
330     138.64193584345787
331     138.64193584345787
332     138.64193584345787
333     138.64193584345787
334     142.64395784644768
335     146.64599089568318
336     150.6458098273193
337     150.6458098273193
338     150.6458098273193
339     150.6458098273193
340     150.6458098273193
341     150.6458098273193
342     150.6458098273193
343     150.6458098273193
344     150.6458098273193
345     150.6458098273193
346     150.6458098273193
347     150.6458098273193
348     150.6458098273193
349     154.64786241412662
350     158.6499236683977
351     162.64976865290873
352     162.64976865290873
353     162.64976865290873
354     162.64976865290873
355     162.64976865290873
356     162.64976865290873
357     162.64976865290873
358     162.64976865290873
359     162.64976865290873
360     162.64976865290873
361     162.64976865290873
362     166.65184538020165
363     170.65392903302447
364     174.65379482670602
365     174.65379482670602
366     174.65379482670602
367     174.65379482670602
368     174.65379482670602
369     174.65379482670602
370     174.65379482670602
371     174.65379482670602
372     174.65379482670602
373     178.6558909417855
374     178.6558909417855
375     178.6558909417855
376     178.6558909417855
377     178.6558909417855
378     178.6558909417855
379     178.6558909417855
380     178.6558909417855
381     178.6558909417855
382     178.6558909417855
383     178.6558909417855
384     178.6558909417855
385     178.6558909417855
386     178.6558909417855
387     178.6558909417855
388     178.6558909417855
389     178.6558909417855
390     178.6558909417855
391     178.6558909417855
392     178.6558909417855
393     178.6558909417855
394     178.6558909417855
395     178.6558909417855
396     178.6558909417855
397     178.6558909417855
398     178.6558909417855
399     178.6558909417855
400     178.6558909417855
401     178.6558909417855
402     182.65799267767395
403     182.65799267767395
404     182.65799267767395
405     182.65799267767395
406     182.65799267767395
407     186.66009967283105
408     190.6622115960718
409     194.66210382063156
410     194.66210382063156
411     194.66210382063156
412     194.66210382063156
413     194.66210382063156
414     194.66210382063156
415     194.66210382063156
416     194.66210382063156
417     194.66210382063156
418     194.66210382063156
419     194.66210382063156
420     198.66422471034008
421     202.6663496874769
422     206.6662541851475
423     206.6662541851475
424     206.6662541851475
425     206.6662541851475
426     206.6662541851475
427     206.6662541851475
428     206.6662541851475
429     206.6662541851475
430     206.6662541851475
431     206.6662541851475
432     206.6662541851475
433     206.6662541851475
434     206.6662541851475
435     206.6662541851475
436     206.6662541851475
437     206.6662541851475
438     206.6662541851475
439     206.6662541851475
440     206.6662541851475
441     206.6662541851475
442     206.6662541851475
443     206.6662541851475
444     206.6662541851475
445     214.66829819091535
446     214.66829819091535
447     214.66829819091535
448     214.66829819091535
449     214.66829819091535
450     214.66829819091535
451     214.66829819091535
452     214.66829819091535
453     214.66829819091535
454     214.66829819091535
455     214.66829819091535
456     210.66616230945425
457     210.66616230945425
458     210.66616230945425
459     210.66616230945425
460     210.66616230945425
461     210.66616230945425
462     210.66616230945425
463     210.66616230945425
464     210.66616230945425
465     210.66616230945425
466     210.66616230945425
467     210.66616230945425
468     210.66616230945425
469     210.66616230945425
470     210.66616230945425
471     210.66616230945425
472     210.66616230945425
473     210.66616230945425
474     210.66616230945425
475     210.66616230945425
476     210.66616230945425
477     210.66616230945425
478     210.66616230945425
479     210.66616230945425
480     210.66616230945425
481     210.66616230945425
482     214.66829819091535
483     214.66829819091535
484     214.66829819091535
485     214.66829819091535
486     214.66829819091535
487     214.66829819091535
488     214.66829819091535
489     214.66829819091535
490     214.66829819091535
491     214.66829819091535
492     214.66829819091535
493     218.67043731189216
494     222.6703551610581
495     222.6703551610581
496     226.6725002478119
497     226.6725002478119
498     226.6725002478119
499     226.6725002478119
500     226.6725002478119
501     226.6725002478119
502     226.6725002478119
503     226.6725002478119
504     226.6725002478119
505     226.6725002478119
506     226.6725002478119
507     226.6725002478119
508     230.67464808607997
509     234.67679853509034
510     238.6767271210441
511     238.6767271210441
512     238.6767271210441
513     238.6767271210441
514     238.6767271210441
515     238.6767271210441
516     238.6767271210441
517     238.6767271210441
518     238.6767271210441
519     238.6767271210441
520     238.6767271210441
521     242.67888240493448
522     246.68103993092515
523     250.68097524551183
524     250.68097524551183
525     250.68097524551183
526     250.68097524551183
527     250.68097524551183
528     250.68097524551183
529     250.68097524551183
530     250.68097524551183
531     250.68097524551183
532     250.68097524551183
533     250.68097524551183
534     250.68097524551183
535     250.68097524551183
536     250.68097524551183
537     250.68097524551183
538     250.68097524551183
539     250.68097524551183
540     250.68097524551183
541     250.68097524551183
542     250.68097524551183
543     250.68097524551183
544     250.68097524551183
545     250.68097524551183
546     250.68097524551183
547     250.68097524551183
548     250.68097524551183
549     250.68097524551183
550     250.68097524551183
551     250.68097524551183
552     250.68097524551183
553     250.68097524551183
554     250.68097524551183
555     250.68097524551183
556     250.68097524551183
557     250.68097524551183
558     250.68097524551183
559     250.68097524551183
560     250.68097524551183
561     250.68097524551183
562     250.68097524551183
563     250.68097524551183
564     250.68097524551183
565     250.68097524551183
566     250.68097524551183
567     250.68097524551183
568     250.68097524551183
569     250.68097524551183
570     250.68097524551183
571     250.68097524551183
572     250.68097524551183
573     250.68097524551183
574     250.68097524551183
575     250.68097524551183
576     250.68097524551183
577     250.68097524551183
578     250.68097524551183
579     250.68097524551183
580     250.68097524551183
581     250.68097524551183
582     250.68097524551183
583     250.68097524551183
584     250.68097524551183
585     250.68097524551183
586     250.68097524551183
587     250.68097524551183
588     250.68097524551183
589     250.68097524551183
590     250.68097524551183
591     246.68103993092515
592     250.68097524551183
593     250.68097524551183
594     250.68097524551183
595     250.68097524551183
596     250.68097524551183
597     250.68097524551183
598     250.68097524551183
599     250.68097524551183
600     250.68097524551183
601     250.68097524551183
602     250.68097524551183
603     250.68097524551183
604     250.68097524551183
605     250.68097524551183
606     250.68097524551183
607     250.68097524551183
608     250.68097524551183
609     250.68097524551183
610     250.68097524551183
611     250.68097524551183
612     250.68097524551183
613     250.68097524551183
614     250.68097524551183
615     250.68097524551183
616     250.68097524551183
617     250.68097524551183
618     250.68097524551183
619     250.68097524551183
620     250.68097524551183
621     250.68097524551183
622     250.68097524551183
623     250.68097524551183
624     250.68097524551183
625     250.68097524551183
626     250.68097524551183
627     250.68097524551183
628     250.68097524551183
629     250.68097524551183
630     250.68097524551183
631     250.68097524551183
632     250.68097524551183
633     250.68097524551183
634     250.68097524551183
635     250.68097524551183
636     250.68097524551183
637     250.68097524551183
638     250.68097524551183
639     250.68097524551183
640     250.68097524551183
641     250.68097524551183
642     250.68097524551183
643     250.68097524551183
644     250.68097524551183
645     250.68097524551183
646     250.68097524551183
647     250.68097524551183
648     250.68097524551183
649     250.68097524551183
650     250.68097524551183
651     250.68097524551183
652     250.68097524551183
653     250.68097524551183
654     250.68097524551183
655     250.68097524551183
656     254.68313693919296
657     258.68530057259636
658     262.68524170778414
659     262.68524170778414
660     262.68524170778414
661     262.68524170778414
662     262.68524170778414
663     262.68524170778414
664     262.68524170778414
665     262.68524170778414
666     262.68524170778414
667     262.68524170778414
668     262.68524170778414
669     266.6874089590206
670     270.68957789962076
671     274.689524103708
672     274.689524103708
673     274.689524103708
674     274.689524103708
675     274.689524103708
676     274.689524103708
677     274.689524103708
678     274.689524103708
679     274.689524103708
680     274.689524103708
681     274.689524103708
682     274.689524103708
683     274.689524103708
684     274.689524103708
685     278.691696204915
686     282.69386978642405
687     286.69382043178865
688     286.69382043178865
689     286.69382043178865
690     286.69382043178865
691     286.69382043178865
692     286.69382043178865
693     286.69382043178865
694     286.69382043178865
695     286.69382043178865
696     286.69382043178865
697     286.69382043178865
698     286.69382043178865
699     286.69382043178865
700     286.69382043178865
701     286.69382043178865
702     286.69382043178865
703     286.69382043178865
704     286.69382043178865
705     286.69382043178865
706     286.69382043178865
707     286.69382043178865
708     286.69382043178865
709     286.69382043178865
710     286.69382043178865
711     286.69382043178865
712     286.69382043178865
713     286.69382043178865
714     286.69382043178865
715     286.69382043178865
716     286.69382043178865
717     286.69382043178865
718     286.69382043178865
719     286.69382043178865
720     286.69382043178865
721     286.69382043178865
722     286.69382043178865
723     286.69382043178865
724     286.69382043178865
725     286.69382043178865
726     286.69382043178865
727     286.69382043178865
728     286.69382043178865
729     286.69382043178865
730     286.69382043178865
731     286.69382043178865
732     286.69382043178865
733     286.69382043178865
734     286.69382043178865
735     286.69382043178865
736     286.69382043178865
737     286.69382043178865
738     286.69382043178865
739     286.69382043178865
740     290.69377243540265
741     290.69377243540265
742     290.69377243540265
743     286.69382043178865
744     286.69382043178865
745     286.69382043178865
746     286.69382043178865
747     286.69382043178865
748     286.69382043178865
749     286.69382043178865
750     286.69382043178865
751     286.69382043178865
752     286.69382043178865
753     286.69382043178865
754     286.69382043178865
755     286.69382043178865
756     286.69382043178865
757     290.6959967905954
758     294.695950097861
759     298.6981290122793
760     298.6981290122793
761     298.6981290122793
762     298.6981290122793
763     298.6981290122793
764     298.6981290122793
765     298.6981290122793
766     302.70030912899904
767     306.70249040095337
768     310.7024484250267
769     310.7024484250267
770     310.7024484250267
771     310.7024484250267
772     310.7024484250267
773     310.7024484250267
774     310.7024484250267
775     310.7024484250267
776     310.7024484250267
777     310.7024484250267
778     310.7024484250267
779     314.7046318752138
780     318.70459199378575
781     318.70459199378575
782     318.70459199378575
783     318.70459199378575
784     318.70459199378575
785     318.70459199378575
786     318.70459199378575
787     318.70459199378575
788     318.70459199378575
789     318.70459199378575
790     318.70459199378575
791     318.70459199378575
792     318.70459199378575
793     318.70459199378575
794     318.70459199378575
795     318.70459199378575
796     318.70459199378575
797     318.70459199378575
798     318.70459199378575
799     318.70459199378575
800     318.70459199378575
801     318.70459199378575
802     318.70459199378575
803     318.70459199378575
804     318.70459199378575
805     322.70677746118844
806     326.70896388199174
807     330.7089268604046
808     330.7089268604046
809     330.7089268604046
810     330.7089268604046
811     330.7089268604046
812     330.7089268604046
813     330.7089268604046
814     330.7089268604046
815     330.7089268604046
816     330.7089268604046
817     330.7089268604046
818     334.7111150853406
819     338.7133041647225
820     342.7132697060386
821     342.7132697060386
822     342.7132697060386
823     342.7132697060386
824     342.7132697060386
825     342.7132697060386
826     342.7132697060386
827     342.7132697060386
828     342.7132697060386
829     342.7132697060386
830     342.7132697060386
831     342.7132697060386
832     342.7132697060386
833     346.7154604054566
834     350.7176518735999
835     354.71761972061097
836     354.71761972061097
837     354.71761972061097
838     354.71761972061097
839     354.71761972061097
