0       0.0
1       2.949203282244209
2       2.949203282244209
3       4.284233216048398
4       4.284233216048398
5       4.284233216048398
6       4.284233216048398
7       4.284233216048398
8       4.284233216048398
9       4.284233216048398
10       4.284233216048398
11       4.284233216048398
12       7.2141872394652715
13       7.2141872394652715
14       7.2141872394652715
15       7.2141872394652715
16       7.2141872394652715
17       7.2141872394652715
18       7.2141872394652715
19       7.2141872394652715
20       7.2141872394652715
21       7.2141872394652715
22       7.2141872394652715
23       7.2141872394652715
24       7.2141872394652715
25       7.2141872394652715
26       7.2141872394652715
27       7.2141872394652715
28       7.2141872394652715
29       7.2141872394652715
30       7.2141872394652715
31       7.2141872394652715
32       7.2141872394652715
33       7.2141872394652715
34       7.2141872394652715
35       4.474125612899135
36       7.2141872394652715
37       7.2141872394652715
38       5.267603181388209
39       5.267603181388209
40       5.267603181388209
41       8.971618627797032
42       8.971618627797032
43       8.971618627797032
44       8.971618627797032
45       8.971618627797032
46       8.971618627797032
47       8.971618627797032
48       8.971618627797032
49       8.971618627797032
50       8.971618627797032
51       8.971618627797032
52       8.971618627797032
53       8.971618627797032
54       8.971618627797032
55       8.971618627797032
56       8.971618627797032
57       8.971618627797032
58       8.971618627797032
59       8.971618627797032
60       8.971618627797032
61       8.971618627797032
62       8.971618627797032
63       8.70550712190235
64       8.70550712190235
65       4.800370477726591
66       4.800370477726591
67       4.800370477726591
68       4.800370477726591
69       4.800370477726591
70       4.800370477726591
71       4.800370477726591
72       4.800370477726591
73       7.096728244448692
74       10.474690774800116
75       7.0984254082557685
76       7.0984254082557685
77       7.0984254082557685
78       7.0984254082557685
79       7.0984254082557685
80       7.0984254082557685
81       7.0984254082557685
82       7.0984254082557685
83       7.0984254082557685
84       7.0984254082557685
85       7.0984254082557685
86       7.0984254082557685
87       7.0984254082557685
88       7.0984254082557685
89       7.0984254082557685
90       7.0984254082557685
91       7.0984254082557685
92       7.0984254082557685
93       7.0984254082557685
94       7.0984254082557685
95       7.0984254082557685
96       7.0984254082557685
97       7.0984254082557685
98       7.0984254082557685
99       7.0984254082557685
100       7.0984254082557685
101       7.0984254082557685
102       7.0984254082557685
103       7.0984254082557685
104       7.0984254082557685
105       7.0984254082557685
106       7.0984254082557685
107       7.0984254082557685
108       7.0984254082557685
109       5.44802218704252
110       7.0984254082557685
111       7.0984254082557685
112       7.0984254082557685
113       7.0984254082557685
114       7.0984254082557685
115       7.0984254082557685
116       7.0984254082557685
117       7.0984254082557685
118       7.0984254082557685
119       7.0984254082557685
120       7.0984254082557685
121       7.0984254082557685
122       7.0984254082557685
123       5.44802218704252
124       7.0984254082557685
125       7.0984254082557685
126       7.0984254082557685
127       7.0984254082557685
128       7.0984254082557685
129       7.0984254082557685
130       7.0984254082557685
131       7.0984254082557685
132       7.0984254082557685
133       7.0984254082557685
134       7.0984254082557685
135       7.0984254082557685
136       7.0984254082557685
137       7.0984254082557685
138       7.0984254082557685
139       7.0984254082557685
140       7.0984254082557685
141       7.0984254082557685
142       7.0984254082557685
143       7.0984254082557685
144       7.0984254082557685
145       7.0984254082557685
146       7.0984254082557685
147       7.0984254082557685
148       7.0984254082557685
149       7.0984254082557685
150       7.0984254082557685
151       7.0984254082557685
152       7.0984254082557685
153       7.0984254082557685
154       7.0984254082557685
155       7.0984254082557685
156       7.0984254082557685
157       7.0984254082557685
158       7.0984254082557685
159       7.0984254082557685
160       4.801680927077464
161       4.801680927077464
162       4.801680927077464
163       4.801680927077464
164       4.801680927077464
165       4.801680927077464
166       4.801680927077464
167       4.801680927077464
168       4.801680927077464
169       4.801680927077464
170       4.801680927077464
171       4.801680927077464
172       4.801680927077464
173       4.801680927077464
174       4.801680927077464
175       4.801680927077464
176       4.801680927077464
177       4.801680927077464
178       4.801680927077464
179       4.801680927077464
180       4.801680927077464
181       4.801680927077464
182       4.801680927077464
183       4.801680927077464
184       4.801680927077464
185       4.801680927077464
186       4.801680927077464
187       4.801680927077464
188       4.801680927077464
189       4.801680927077464
190       4.801680927077464
191       4.801680927077464
192       4.801680927077464
193       4.801680927077464
194       4.801680927077464
195       4.801680927077464
196       4.801680927077464
197       4.801680927077464
198       4.801680927077464
199       4.801680927077464
200       4.801680927077464
201       4.801680927077464
202       4.801680927077464
203       4.801680927077464
204       4.801680927077464
205       7.0984254082557685
206       7.0984254082557685
207       7.0984254082557685
208       7.0984254082557685
209       7.0984254082557685
210       7.0984254082557685
211       7.0984254082557685
212       7.0984254082557685
213       7.0984254082557685
214       7.0984254082557685
215       7.0984254082557685
216       7.0984254082557685
217       7.0984254082557685
218       7.0984254082557685
219       7.0984254082557685
220       7.0984254082557685
221       7.0984254082557685
222       7.0984254082557685
223       7.0984254082557685
224       7.0984254082557685
225       7.0984254082557685
226       7.0984254082557685
227       7.0984254082557685
228       7.0984254082557685
229       7.0984254082557685
230       7.0984254082557685
231       7.0984254082557685
232       7.0984254082557685
233       7.0984254082557685
234       7.0984254082557685
235       7.0984254082557685
236       7.0984254082557685
237       7.0984254082557685
238       7.0984254082557685
239       7.0984254082557685
240       7.0984254082557685
241       7.0984254082557685
242       7.0984254082557685
243       7.0984254082557685
244       7.0984254082557685
245       7.0984254082557685
246       7.0984254082557685
247       7.0984254082557685
248       7.0984254082557685
249       7.0984254082557685
250       7.0984254082557685
251       7.0984254082557685
252       7.0984254082557685
253       7.0984254082557685
254       7.0984254082557685
255       7.0984254082557685
256       7.0984254082557685
257       7.0984254082557685
258       7.0984254082557685
259       7.0984254082557685
260       7.0984254082557685
261       7.0984254082557685
262       7.0984254082557685
263       7.0984254082557685
264       7.0984254082557685
265       7.0984254082557685
266       7.0984254082557685
267       7.0984254082557685
268       7.0984254082557685
269       7.0984254082557685
270       7.0984254082557685
271       7.0984254082557685
272       7.0984254082557685
273       7.0984254082557685
274       7.0984254082557685
275       7.0984254082557685
276       7.0984254082557685
277       7.0984254082557685
278       7.0984254082557685
279       7.0984254082557685
280       7.0984254082557685
281       7.0984254082557685
282       7.0984254082557685
283       7.0984254082557685
284       7.0984254082557685
285       7.0984254082557685
286       7.0984254082557685
287       7.0984254082557685
288       7.0984254082557685
289       7.0984254082557685
290       7.0984254082557685
291       7.0984254082557685
292       7.0984254082557685
293       7.0984254082557685
294       7.0984254082557685
295       7.0984254082557685
296       7.0984254082557685
297       7.0984254082557685
298       7.0984254082557685
299       7.0984254082557685
300       7.0984254082557685
301       7.0984254082557685
302       7.0984254082557685
303       7.0984254082557685
304       7.0984254082557685
305       7.0984254082557685
306       7.0984254082557685
307       7.0984254082557685
308       7.0984254082557685
309       7.0984254082557685
310       7.0984254082557685
311       7.0984254082557685
312       7.0984254082557685
313       7.0984254082557685
314       7.0984254082557685
315       7.0984254082557685
316       7.0984254082557685
317       7.0984254082557685
318       7.0984254082557685
319       7.0984254082557685
320       7.0984254082557685
321       7.0984254082557685
322       7.0984254082557685
323       7.0984254082557685
324       7.0984254082557685
325       7.0984254082557685
326       7.0984254082557685
327       7.0984254082557685
328       7.0984254082557685
329       7.0984254082557685
330       7.0984254082557685
331       7.0984254082557685
332       7.0984254082557685
333       7.0984254082557685
334       7.0984254082557685
335       7.0984254082557685
336       7.0984254082557685
337       7.0984254082557685
338       7.0984254082557685
339       7.0984254082557685
340       7.0984254082557685
341       7.0984254082557685
342       7.0984254082557685
343       7.0984254082557685
344       7.0984254082557685
345       7.0984254082557685
346       7.0984254082557685
347       7.0984254082557685
348       7.0984254082557685
349       7.0984254082557685
350       7.0984254082557685
351       7.0984254082557685
352       7.0984254082557685
353       7.0984254082557685
354       7.0984254082557685
355       7.0984254082557685
356       7.0984254082557685
357       7.0984254082557685
358       7.0984254082557685
359       7.0984254082557685
360       7.0984254082557685
361       5.44802218704252
362       5.44802218704252
363       5.44802218704252
364       5.44802218704252
365       5.44802218704252
366       5.44802218704252
367       5.44802218704252
368       5.44802218704252
369       5.44802218704252
370       5.44802218704252
371       5.44802218704252
372       5.44802218704252
373       5.44802218704252
374       5.44802218704252
375       5.44802218704252
376       5.44802218704252
377       5.44802218704252
378       5.44802218704252
379       5.44802218704252
380       5.44802218704252
381       5.44802218704252
382       5.44802218704252
383       5.44802218704252
384       5.44802218704252
385       5.44802218704252
386       5.44802218704252
387       5.44802218704252
388       5.44802218704252
389       5.44802218704252
390       5.44802218704252
391       5.44802218704252
392       5.44802218704252
393       5.44802218704252
394       5.44802218704252
395       5.44802218704252
396       5.44802218704252
397       9.43464092065083
398       9.43464092065083
399       9.43464092065083
400       9.43464092065083
401       9.43464092065083
402       9.43464092065083
403       9.43464092065083
404       9.43464092065083
405       9.43464092065083
406       9.43464092065083
407       9.43464092065083
408       9.43464092065083
409       9.43464092065083
410       9.43464092065083
411       9.43464092065083
412       9.43464092065083
413       9.43464092065083
414       9.43464092065083
415       5.44802218704252
416       5.44802218704252
417       5.44802218704252
418       5.44802218704252
419       5.44802218704252
420       5.44802218704252
421       5.44802218704252
422       5.44802218704252
423       5.44802218704252
424       5.44802218704252
425       5.44802218704252
426       5.44802218704252
427       5.44802218704252
428       5.44802218704252
429       5.44802218704252
430       5.44802218704252
431       5.44802218704252
432       5.44802218704252
433       5.44802218704252
434       5.44802218704252
435       5.44802218704252
436       5.44802218704252
437       5.44802218704252
438       5.44802218704252
439       5.44802218704252
440       5.44802218704252
441       5.44802218704252
442       5.44802218704252
443       5.44802218704252
444       5.44802218704252
445       5.44802218704252
446       5.44802218704252
447       5.44802218704252
448       5.44802218704252
449       5.44802218704252
450       5.44802218704252
451       5.44802218704252
452       5.44802218704252
453       5.44802218704252
454       5.44802218704252
455       5.44802218704252
456       5.44802218704252
457       5.44802218704252
458       5.44802218704252
459       5.44802218704252
460       5.44802218704252
461       5.44802218704252
462       5.44802218704252
463       5.44802218704252
464       5.44802218704252
465       5.44802218704252
466       5.44802218704252
467       5.44802218704252
468       5.44802218704252
469       5.44802218704252
470       5.44802218704252
471       5.44802218704252
472       5.44802218704252
473       5.44802218704252
474       5.44802218704252
475       5.44802218704252
476       5.44802218704252
477       5.44802218704252
478       5.44802218704252
479       5.44802218704252
480       5.44802218704252
481       5.44802218704252
482       5.44802218704252
483       5.44802218704252
484       5.44802218704252
485       5.44802218704252
486       5.44802218704252
487       5.44802218704252
488       5.44802218704252
489       5.44802218704252
490       5.44802218704252
491       5.44802218704252
492       5.44802218704252
493       5.44802218704252
494       5.44802218704252
495       5.44802218704252
496       5.44802218704252
497       5.44802218704252
498       5.44802218704252
499       5.44802218704252
500       5.44802218704252
501       5.44802218704252
502       5.44802218704252
503       5.44802218704252
504       5.44802218704252
505       5.44802218704252
506       5.44802218704252
507       5.44802218704252
508       5.44802218704252
509       5.44802218704252
510       5.44802218704252
511       5.44802218704252
512       5.44802218704252
513       5.44802218704252
514       5.44802218704252
515       5.44802218704252
516       5.44802218704252
517       5.44802218704252
518       5.44802218704252
519       5.44802218704252
520       5.44802218704252
521       5.44802218704252
522       5.44802218704252
523       5.44802218704252
524       5.44802218704252
525       5.44802218704252
526       5.44802218704252
527       5.44802218704252
528       5.44802218704252
529       5.44802218704252
530       5.44802218704252
531       5.44802218704252
532       5.44802218704252
533       5.44802218704252
534       5.44802218704252
535       5.44802218704252
536       5.44802218704252
537       5.44802218704252
538       5.44802218704252
539       5.44802218704252
540       5.44802218704252
541       5.44802218704252
542       5.44802218704252
543       5.44802218704252
544       5.44802218704252
545       5.44802218704252
546       5.44802218704252
547       5.44802218704252
548       5.44802218704252
549       5.44802218704252
550       5.44802218704252
551       5.44802218704252
552       5.44802218704252
553       5.44802218704252
554       5.44802218704252
555       5.44802218704252
556       5.44802218704252
557       5.44802218704252
558       5.44802218704252
559       5.44802218704252
560       5.44802218704252
561       5.44802218704252
562       5.44802218704252
563       5.44802218704252
564       5.44802218704252
565       5.44802218704252
566       6.403893208388475
567       9.185551191865436
568       9.185551191865436
569       7.552671523856241
570       3.6984246204745697
571       3.6984246204745697
572       3.6984246204745697
573       3.6984246204745697
574       3.6984246204745697
575       3.6984246204745697
576       3.6984246204745697
577       3.6984246204745697
578       3.6984246204745697
579       3.6984246204745697
580       3.6984246204745697
581       3.6984246204745697
582       3.6984246204745697
583       3.6984246204745697
584       3.6984246204745697
585       3.6984246204745697
586       3.6984246204745697
587       3.6984246204745697
588       3.6984246204745697
589       3.6984246204745697
590       3.6984246204745697
591       3.6984246204745697
592       3.6984246204745697
593       3.6984246204745697
594       3.6984246204745697
595       3.6984246204745697
596       3.6984246204745697
597       3.6984246204745697
598       3.6984246204745697
599       3.6984246204745697
600       3.6984246204745697
601       3.6984246204745697
602       3.6984246204745697
603       3.6984246204745697
604       3.6984246204745697
605       3.6984246204745697
606       3.6984246204745697
607       3.6984246204745697
608       3.6984246204745697
609       3.6984246204745697
610       3.6984246204745697
611       3.6984246204745697
612       3.6984246204745697
613       3.6984246204745697
614       3.6984246204745697
615       3.6984246204745697
616       3.6984246204745697
617       3.6984246204745697
618       3.6984246204745697
619       3.6984246204745697
620       3.6984246204745697
621       3.6984246204745697
622       3.6984246204745697
623       3.6984246204745697
624       3.6984246204745697
625       3.6984246204745697
626       3.6984246204745697
627       3.6984246204745697
628       3.6984246204745697
629       3.6984246204745697
630       3.6984246204745697
631       3.6984246204745697
632       3.6984246204745697
633       3.6984246204745697
634       3.6984246204745697
635       3.6984246204745697
636       3.6984246204745697
637       3.6984246204745697
638       3.6984246204745697
639       3.6984246204745697
640       3.6984246204745697
641       3.6984246204745697
642       3.6984246204745697
643       3.6984246204745697
644       3.6984246204745697
645       3.6984246204745697
646       3.6984246204745697
647       3.6984246204745697
648       3.6984246204745697
649       3.6984246204745697
650       3.6984246204745697
651       3.6984246204745697
652       3.6984246204745697
