LEG_COUNT = 6
robot_height = 12
legs_is_left: True True True False False False
coord_systems_transform:
Rz: -45 0 45 135 180 -135
dx: 25 17.5 10 10 17.5 25
dy: 25 27.5 25 17 14.5 17
dz: 12 12 12 12 12 12
Myz: False False False True True True
start_foot_points:
0 12 -12.0
0 12 -12.0
0 12 -12.0
0 12 -12.0
0 12 -12.0
0 12 -12.0
leg_states_set:
0
90.0 77.561064239824 90.0
65.85352803393266 87.22937300022821 67.2527731592374 87.36368870410308 86.69912724436122
62.38491044515201 80.38314334918212 77.85347317045873 94.93687188154904 89.05626213516145
1
68.19859051364821 90.0 90.0
65.68443629105134 86.76633604129218 87.22937300022821  65.85352803393266 86.69912724436122
65.79605864031062 83.48200916190999 80.38314334918212  62.38491044515201 89.05626213516145
2
90.0 102.438935760176 90.0
65.85352803393266 87.22937300022821 87.36368870410308 86.69912724436122
62.38491044515201 80.38314334918212 94.93687188154904 89.05626213516145
3
90.0 102.438935760176 90.0
65.85352803393266 87.22937300022821 87.36368870410308 86.69912724436122
62.38491044515201 80.38314334918212 94.93687188154904 89.05626213516145
4
90.0 68.19859051364821 90.0
65.85352803393266 87.22937300022821 65.68443629105134  86.76633604129218 86.69912724436122
62.38491044515201 80.38314334918212 65.79605864031062  83.48200916190999 89.05626213516145
5
77.561064239824 90.0 90.0
67.2527731592374 87.36368870410308 87.22937300022821  65.85352803393266 86.69912724436122
77.85347317045873 94.93687188154904 80.38314334918212  62.38491044515201 89.05626213516145
Reward:
ALL_DIST = 1
PREV_STEP_DIST = 0
CENTER_OF_BODY_Z = 0
REPEAT_ACTION = 0
k_CENTER_OF_BODY_Z = 1
k_REPEAT_ACTION = 1
