------------------Joints-------------------
16
50 150 0
175 150 0
50 100 0
175 100 0
0 50 0
225 50 0
0 0 0
225 0 0
50 150 100
175 150 100
50 100 100
175 100 100
0 50 100
225 50 100
0 0 100
225 0 100
------------------Lines(poit_num1 point_num2)-------------------
20
0 1
0 2
0 8
1 3
1 9
2 3
2 4
2 10
3 5
3 11
4 6
5 7
8 9
8 10
9 11
10 11
10 12
11 13
12 14
13 15
------------------Movable lines (line_num turn_point_num)-------------------
8
6 2
8 3
10 4
11 5
16 10
17 11
18 12
19 13
------------------Unit fall angle-------------------
0.174533
------------------Unit turn angle-------------------
0.174533
------------------Turn intervals (min_angle max_angle)-------------------
20
0 0
0 0
0 0
0 0
0 0
0 0
3.14159 4.71239
0 0
4.71239 6.28319
0 0
3.92699 5.49779
3.92699 5.49779
0 0
0 0
0 0
0 0
3.14159 4.71239
4.71239 6.28319
3.92699 5.49779
3.92699 5.49779
------------------Initial states (state_num state_count)-------------------
20
-1 1
-1 1
-1 1
-1 1
-1 1
-1 1
5 10
-1 1
3 10
-1 1
3 10
4 10
-1 1
-1 1
-1 1
-1 1
5 10
3 10
3 10
4 10
------------------Dependent lines (line_count list_of_lines)-------------------
20
0 
0 
0 
0 
0 
0 
1 10 
0
1 11
0 
0
0
0 
0
0
0 
1 18
1 19
0 
0
------------------Head points-------------------
0

